Adapters:
[[ 0.          7.20338983 13.55932203 63.55932203 15.6779661 ]
 [ 4.32900433  0.         11.83261183 27.56132756 56.27705628]
 [ 7.8369906  29.46708464  0.         49.84326019 12.85266458]
 [25.05643341 27.99097065 24.15349887  0.         22.79909707]
 [10.12891344 55.06445672 11.23388582 23.57274401  0.        ]]
   
Modelo:
[[ 0.          4.8582996  18.21862348 65.99190283 10.93117409]
 [ 3.62204724  0.         16.22047244 32.12598425 48.03149606]
 [ 9.56175299 23.10756972  0.         57.7689243   9.56175299]
 [29.97481108 27.95969773 26.19647355  0.         15.86901763]
 [ 7.28346457 55.11811024 11.41732283 26.18110236  0.        ]]
